kaka,paka
2,gav
3,gava
4,gavag
0.926703464009754,0.50475529334531
0.483865424364434,0.228831318040665
0.099408564180365,0.856478891302572
0.746067124073699,0.471652947043212
0.466658662287339,0.479926940577441
0.28468489029357,0.891634697701932
0.673626067591871,0.687010400176971
0.374126628494255,0.958185020482319
0.482586420791627,0.11491372266599
0.513110229441155,0.949426288763659
0.869669835856005,0.698037765907879
0.324102464780372,0.243339284587528
0.690171126040762,0.48841071792676
0.130748422337029,0.642576762080387
0.792984184256757,0.901939277292886
0.605895032786092,0.149283053074928
0.285556721567669,0.428279227923017
0.108107845872753,0.227762587020018
0.02126543777447,0.050532757478153
0.36026199613102,0.76874810219819
0.650547460280729,0.789773602615701
0.069632288575895,0.415176146652658
0.267633445353611,0.132416675996925
0.558917764669631,0.982558632007507
0.225204792707643,0.444586994380731
0.902269810260288,0.983340711453988
0.1017445668844,0.25027938259622
0.064465703950213,0.000547078763013
0.068065056035017,0.768350038508633
